t	f(t)
0.000000	-1.399479
0.020040	-1.480023
0.040080	-1.601187
0.060120	-1.297620
0.080160	-1.289936
0.100200	-1.273753
0.120240	-1.337292
0.140281	-1.116024
0.160321	-1.229106
0.180361	-1.216460
0.200401	-1.226898
0.220441	-1.037439
0.240481	-1.147352
0.260521	-1.145523
0.280561	-1.157180
0.300601	-1.101068
0.320641	-1.107546
0.340681	-1.028496
0.360721	-1.068051
0.380762	-1.129482
0.400802	-1.101113
0.420842	-1.043831
0.440882	-1.076278
0.460922	-1.032582
0.480962	-0.996410
0.501002	-0.928885
0.521042	-0.836651
0.541082	-0.959702
0.561122	-0.873260
0.581162	-0.961247
0.601202	-0.778277
0.621242	-0.797586
0.641283	-0.898242
0.661323	-0.750822
0.681363	-0.922672
0.701403	-0.889860
0.721443	-0.795440
0.741483	-0.821714
0.761523	-0.662537
0.781563	-0.767625
0.801603	-0.580392
0.821643	-0.808779
0.841683	-0.738150
0.861723	-0.835629
0.881764	-0.577243
0.901804	-0.772429
0.921844	-0.671373
0.941884	-0.754770
0.961924	-0.733659
0.981964	-0.736734
1.002004	-0.849037
1.022044	-0.490585
1.042084	-0.692764
1.062124	-0.695413
1.082164	-0.738680
1.102204	-0.678878
1.122244	-0.707901
1.142285	-0.685165
1.162325	-0.790506
1.182365	-0.703155
1.202405	-0.642983
1.222445	-0.699425
1.242485	-0.721573
1.262525	-0.813340
1.282565	-0.720101
1.302605	-0.704642
1.322645	-0.677662
1.342685	-0.775522
1.362725	-0.644045
1.382766	-0.678654
1.402806	-0.829526
1.422846	-0.720795
1.442886	-0.681604
1.462926	-0.836249
1.482966	-0.614616
1.503006	-0.680393
1.523046	-0.855515
1.543086	-0.697038
1.563126	-0.744259
1.583166	-0.954059
1.603206	-0.930704
1.623246	-0.868794
1.643287	-0.829285
1.663327	-0.994677
1.683367	-0.917866
1.703407	-1.019299
1.723447	-0.995703
1.743487	-1.156586
1.763527	-1.013270
1.783567	-0.997459
1.803607	-0.947362
1.823647	-0.934598
1.843687	-1.010118
1.863727	-1.077554
1.883768	-1.001799
1.903808	-1.142459
1.923848	-1.188492
1.943888	-1.103160
1.963928	-1.174339
1.983968	-1.296870
2.004008	-1.176212
2.024048	-1.137267
2.044088	-1.175665
2.064128	-1.265537
2.084168	-1.194451
2.104208	-1.155772
2.124248	-1.368521
2.144289	-1.327716
2.164329	-1.439115
2.184369	-1.396083
2.204409	-1.278789
2.224449	-1.623034
2.244489	-1.444362
2.264529	-1.470395
2.284569	-1.445745
2.304609	-1.348866
2.324649	-1.501786
2.344689	-1.457817
2.364729	-1.678506
2.384770	-1.503920
2.404810	-1.350443
2.424850	-1.571314
2.444890	-1.633262
2.464930	-1.613554
2.484970	-1.666715
2.505010	-1.571926
2.525050	-1.711749
2.545090	-1.662691
2.565130	-1.734254
2.585170	-1.883073
2.605210	-1.724327
2.625251	-1.679803
2.645291	-1.572228
2.665331	-1.784914
2.685371	-1.686140
2.705411	-1.961032
2.725451	-1.737751
2.745491	-1.725243
2.765531	-1.819052
2.785571	-1.889993
2.805611	-1.657942
2.825651	-1.796396
2.845691	-1.768941
2.865731	-1.806111
2.885772	-1.876991
2.905812	-1.836622
2.925852	-1.909918
2.945892	-1.711503
2.965932	-1.868523
2.985972	-1.824030
3.006012	-1.867599
3.026052	-1.579958
3.046092	-1.835497
3.066132	-1.900887
3.086172	-1.876139
3.106212	-1.762004
3.126253	-1.794586
3.146293	-1.676762
3.166333	-1.615265
3.186373	-1.917379
3.206413	-1.700086
3.226453	-1.749085
3.246493	-1.747649
3.266533	-1.669408
3.286573	-1.747318
3.306613	-1.908216
3.326653	-1.706227
3.346693	-1.717063
3.366733	-1.510213
3.386774	-1.473702
3.406814	-1.485109
3.426854	-1.714424
3.446894	-1.539693
3.466934	-1.683069
3.486974	-1.481746
3.507014	-1.486747
3.527054	-1.490115
3.547094	-1.462592
3.567134	-1.474084
3.587174	-1.420477
3.607214	-1.395156
3.627255	-1.344028
3.647295	-1.263123
3.667335	-1.577027
3.687375	-1.335024
3.707415	-1.322964
3.727455	-1.277988
3.747495	-1.344964
3.767535	-1.285384
3.787575	-1.132342
3.807615	-1.202342
3.827655	-1.084540
3.847695	-1.030118
3.867735	-0.904799
3.887776	-0.896347
3.907816	-0.882318
3.927856	-0.937122
3.947896	-0.957775
3.967936	-0.829110
3.987976	-0.777824
4.008016	-0.864548
4.028056	-0.782951
4.048096	-0.866767
4.068136	-0.570612
4.088176	-0.771766
4.108216	-0.534354
4.128257	-0.582599
4.148297	-0.530274
4.168337	-0.296618
4.188377	-0.276679
4.208417	-0.501260
4.228457	-0.275858
4.248497	-0.415204
4.268537	-0.459817
4.288577	-0.138266
4.308617	-0.155547
4.328657	-0.040748
4.348697	-0.176648
4.368737	0.223993
4.388778	-0.006688
4.408818	0.076110
4.428858	0.304511
4.448898	0.331820
4.468938	0.242151
4.488978	0.344319
4.509018	0.255024
4.529058	0.178268
4.549098	0.316896
4.569138	0.434808
4.589178	0.475733
4.609218	0.639031
4.629259	0.736081
4.649299	0.797918
4.669339	0.749296
4.689379	0.760145
4.709419	0.848870
4.729459	0.945749
4.749499	0.904972
4.769539	1.132696
4.789579	1.084874
4.809619	1.269744
4.829659	1.290250
4.849699	1.340683
4.869739	1.227940
4.889780	1.386083
4.909820	1.545809
4.929860	1.464685
4.949900	1.406488
4.969940	1.644346
4.989980	1.717309
5.010020	1.751714
5.030060	1.762549
5.050100	1.793316
5.070140	1.761783
5.090180	1.856484
5.110220	1.978716
5.130261	1.843763
5.150301	1.885394
5.170341	1.947132
5.190381	1.999674
5.210421	1.942506
5.230461	2.174853
5.250501	2.169388
5.270541	2.058345
5.290581	2.200757
5.310621	2.275317
5.330661	2.243429
5.350701	2.003844
5.370741	2.387250
5.390782	2.412516
5.410822	2.180260
5.430862	2.239867
5.450902	2.320448
5.470942	2.134743
5.490982	2.256271
5.511022	2.207318
5.531062	2.113482
5.551102	2.248692
5.571142	2.251926
5.591182	2.319819
5.611222	2.119254
5.631263	2.123363
5.651303	2.405203
5.671343	2.284015
5.691383	2.296986
5.711423	2.085868
5.731463	2.152919
5.751503	2.273710
5.771543	2.230844
5.791583	2.358158
5.811623	1.976783
5.831663	2.140148
5.851703	2.014329
5.871743	2.085169
5.891784	2.188166
5.911824	1.943041
5.931864	1.795507
5.951904	2.002146
5.971944	1.954134
5.991984	1.814477
6.012024	2.003038
6.032064	1.858898
6.052104	1.814621
6.072144	1.895865
6.092184	1.826452
6.112224	1.821350
6.132265	1.753550
6.152305	1.647346
6.172345	1.767925
6.192385	1.788752
6.212425	1.512960
6.232465	1.558031
6.252505	1.538326
6.272545	1.554990
6.292585	1.438978
6.312625	1.634638
6.332665	1.420962
6.352705	1.536112
6.372745	1.495967
6.392786	1.450936
6.412826	1.708610
6.432866	1.521162
6.452906	1.259422
6.472946	1.374490
6.492986	1.518917
6.513026	1.190357
6.533066	1.207800
6.553106	1.305525
6.573146	1.090141
6.593186	1.117381
6.613226	1.216453
6.633267	1.462073
6.653307	1.103290
6.673347	1.256711
6.693387	1.240879
6.713427	0.883108
6.733467	1.131007
6.753507	1.199137
6.773547	1.245537
6.793587	0.942055
6.813627	1.197590
6.833667	1.246030
6.853707	0.924985
6.873747	0.975886
6.893788	1.122606
6.913828	0.951679
6.933868	0.946378
6.953908	0.747584
6.973948	0.833013
6.993988	0.898280
7.014028	0.910638
7.034068	0.875634
7.054108	0.926018
7.074148	0.663125
7.094188	0.868997
7.114228	0.844791
7.134269	0.859416
7.154309	0.871894
7.174349	1.124936
7.194389	1.009240
7.214429	0.864209
7.234469	0.860055
7.254509	0.737343
7.274549	0.882118
7.294589	0.778695
7.314629	0.969837
7.334669	0.656024
7.354709	0.735683
7.374749	0.845206
7.394790	0.902389
7.414830	0.851298
7.434870	0.841631
7.454910	0.878575
7.474950	0.854533
7.494990	0.810809
7.515030	0.833763
7.535070	0.961085
7.555110	0.781462
7.575150	0.699590
7.595190	0.575680
7.615230	0.684734
7.635271	1.094927
7.655311	0.685688
7.675351	1.067764
7.695391	0.956781
7.715431	0.957553
7.735471	0.988347
7.755511	1.000560
7.775551	0.952350
7.795591	1.065355
7.815631	1.019406
7.835671	1.247519
7.855711	1.074361
7.875752	1.022320
7.895792	0.968008
7.915832	0.968513
7.935872	1.019420
7.955912	1.250212
7.975952	1.157154
7.995992	1.056794
8.016032	1.170136
8.036072	1.047835
8.056112	1.072531
8.076152	1.118016
8.096192	1.203390
8.116232	1.190991
8.136273	1.362006
8.156313	1.225961
8.176353	1.243581
8.196393	1.315994
8.216433	1.393111
8.236473	1.264143
8.256513	1.376795
8.276553	1.401789
8.296593	1.413325
8.316633	1.298112
8.336673	1.381643
8.356713	1.531373
8.376754	1.613678
8.396794	1.300518
8.416834	1.552409
8.436874	1.559582
8.456914	1.615528
8.476954	1.723561
8.496994	1.728007
8.517034	1.724901
8.537074	1.899364
8.557114	1.718579
8.577154	1.743729
8.597194	1.812236
8.617234	1.622532
8.637275	1.875014
8.657315	1.810346
8.677355	1.915807
8.697395	1.914087
8.717435	1.859647
8.737475	1.788770
8.757515	1.835580
8.777555	1.956049
8.797595	1.824366
8.817635	1.938772
8.837675	1.880438
8.857715	2.082212
8.877756	2.091942
8.897796	1.889844
8.917836	1.860702
8.937876	2.147451
8.957916	1.995366
8.977956	2.147448
8.997996	2.069969
9.018036	2.085916
9.038076	2.041138
9.058116	2.086674
9.078156	2.115436
9.098196	2.182738
9.118236	2.238138
9.138277	2.124390
9.158317	2.072953
9.178357	2.107930
9.198397	2.269357
9.218437	2.136354
9.238477	2.018214
9.258517	2.072962
9.278557	2.211963
9.298597	2.230955
9.318637	1.995834
9.338677	2.243558
9.358717	2.160897
9.378758	2.184746
9.398798	2.078267
9.418838	2.237156
9.438878	2.059317
9.458918	2.358264
9.478958	2.072692
9.498998	2.305197
9.519038	2.154152
9.539078	2.201905
9.559118	2.191122
9.579158	2.323006
9.599198	2.099642
9.619238	2.276499
9.639279	2.103495
9.659319	1.929943
9.679359	2.144098
9.699399	2.175147
9.719439	2.368757
9.739479	2.126940
9.759519	2.010936
9.779559	2.122490
9.799599	2.101552
9.819639	2.255003
9.839679	2.173851
9.859719	2.056413
9.879760	2.008052
9.899800	2.124646
9.919840	2.088051
9.939880	1.967045
9.959920	1.996561
9.979960	2.031701
10.000000	1.993691
